{
  "phase1_ik_distances": [
    [
      [
        0.2,
        0.20165526762066424,
        0.20263238588318078,
        0.20100711709765126,
        0.1973977139578877,
        0.19152030999694258,
        0.18319128264037265,
        0.17242338336774468,
        0.15941473730307237,
        0.1445426453957082,
        0.12835882529896042,
        0.11157982735747075,
        0.09506749534607153,
        0.07979104711369958,
        0.06674615750315933,
        0.05677397589117532,
        0.050237826519557015,
        0.04673768504526705,
        0.045272691192289855,
        0.044818316360756,
        0.04473064356268835,
        0.04473038611355738,
        0.04473013978798339,
        0.044729904180706354,
        0.04472967889476713,
        0.044729463542578424,
        0.04472925774671266,
        0.04472906114045025,
        0.04472887336812996,
        0.044728694085343246,
        0.04472852295900228,
        0.04472835966730703,
        0.04472820389963519,
        0.044728055356371574,
        0.04472791374869228,
        0.04472777879831174,
        0.044727650237207296,
        0.04472752780732339,
        0.04472741126026624,
        0.04472730035698989,
        0.04472719486748017,
        0.044727094570436,
        0.04472699925295897,
        0.0447269087102389,
        0.04472682274525402,
        0.044726741168470995,
        0.044726663797556285,
        0.04472659045709702,
        0.04472652097832699,
        0.04472645519886619,
        0.04472639296246734,
        0.04472633411877068,
        0.044726278523073745,
        0.044726226036102545,
        0.04472617652379949,
        0.044726129857115604,
        0.0447260859118124,
        0.044726044568274725,
        0.04472600571132826,
        0.04472596923006777,
        0.04472593501769297,
        0.04472590297134822,
        0.04472587299197526,
        0.04472584498416729,
        0.044725818856032336,
        0.04472579451906316,
        0.0447257718880101,
        0.04472575088076312,
        0.04472573141823797,
        0.04472571342426601,
        0.04472569682548962,
        0.044725681551264294,
        0.044725667533562184,
        0.04472565470688015,
        0.04472564300815492,
        0.04472563237667693,
        0.044725622754010985,
        0.04472561408392037,
        0.04472560631229323,
        0.04472559938707024,
        0.04472559325817898,
        0.04472558787746703,
        0.04472558319864036,
        0.04472557917720306,
        0.04472557577039962,
        0.04472557293715688,
        0.04472557063803435,
        0.04472556883516821,
        0.04472556749222414,
        0.044725566574348265,
        0.04472556604811869,
        0.04472556588150394,
        0.044725566043816556,
        0.04472556650567118,
        0.04472556723894548,
        0.04472556821673874,
        0.044725569413334394,
        0.044725570804162805,
        0.0447255723657654,
        0.044725574075757855,
        0.04472557591279942,
        0.04472557785655833,
        0.044725579887677704,
        0.04472558198774777,
        0.04472558413927362,
        0.044725586325645675,
        0.0447255885311127,
        0.04472559074075103,
        0.04472559294044063,
        0.04472559511683533,
        0.0447255972573403,
        0.044725599350084674,
        0.044725601383897716,
        0.04472560334828507,
        0.04472560523340562,
        0.04472560703004934,
        0.044725608729614154,
        0.04472561032408532,
        0.044725611806014,
        0.04472561316849605,
        0.044725614405154795
      ]
    ]
  ],
  "phase1_final_distance": [
    0.04472561551011937
  ],
  "phase3_vjepa_distances": [
    [
      0.20327322821653293,
      0.27088109803406324,
      0.32571952711821256,
      0.3959048353821983,
      0.4482013339912585,
      0.5047466349579816
    ]
  ],
  "phase3_repr_l1_distances": [
    [
      0.45350736379623413,
      0.4659673571586609,
      0.5347335338592529,
      0.5727027654647827,
      0.5677028894424438,
      0.5723231434822083
    ]
  ],
  "phase3_final_distance": [
    0.5047466349579816
  ],
  "phase3_actions_raw": [
    [
      [
        0.03669423609972,
        -0.07493719458580017,
        0.022991277277469635,
        0.0,
        0.0,
        0.0,
        0.737964928150177
      ],
      [
        0.06532733142375946,
        -0.06029607355594635,
        0.004270258359611034,
        0.0,
        0.0,
        0.0,
        0.7371740937232971
      ],
      [
        0.062968410551548,
        -0.07499618828296661,
        0.008014313876628876,
        0.0,
        0.0,
        0.0,
        0.736879289150238
      ],
      [
        0.020363591611385345,
        -0.04545361548662186,
        -0.04166082292795181,
        0.0,
        0.0,
        0.0,
        -0.7469523549079895
      ],
      [
        0.014008762314915657,
        -0.0749988928437233,
        0.020564105361700058,
        0.0,
        0.0,
        0.0,
        -0.7461300492286682
      ]
    ]
  ],
  "phase3_actions_transformed": [
    [
      [
        -0.07493719458580017,
        0.03669423609972,
        0.022991277277469635,
        0.0,
        0.0,
        0.0,
        0.737964928150177
      ],
      [
        -0.06029607355594635,
        0.06532733142375946,
        0.004270258359611034,
        0.0,
        0.0,
        0.0,
        0.7371740937232971
      ],
      [
        -0.07499618828296661,
        0.062968410551548,
        0.008014313876628876,
        0.0,
        0.0,
        0.0,
        0.736879289150238
      ],
      [
        -0.04545361548662186,
        0.020363591611385345,
        -0.04166082292795181,
        0.0,
        0.0,
        0.0,
        -0.7469523549079895
      ],
      [
        -0.0749988928437233,
        0.014008762314915657,
        0.020564105361700058,
        0.0,
        0.0,
        0.0,
        -0.7461300492286682
      ]
    ]
  ],
  "target_positions": [
    [
      0.21002310134256222,
      0.34463998813378555,
      0.9911015973366575
    ]
  ],
  "initial_ee_positions": [
    [
      0.0100231013425622,
      0.34463998813378555,
      0.9911015973366575
    ]
  ],
  "ik_success": [],
  "episode_ids": [
    0
  ]
}